7 + 3,10,10,1
8 - 2,6,6,1
15 + 12,27,27,1
9 + 1,10,10,1
12 - 5,7,7,1
5 * 12,50,60,0
23 * 3,60,69,0
48 + 32,80,80,1
9 * 8,80,72,0
25 % 6,3,1,0
92 % 43,10,6,0
67 % 10,7,7,1
33 + 17,50,50,1
13 * 4,48,52,0
72 - 15,57,57,1
88 * 11,900,968,0
17 + 18,35,35,1
22 * 4,88,88,1
16 % 5,2,1,0
4 + 4,8,8,1
24 * 9,200,216,0
52 + 48,100,100,1
36 - 15,21,21,1
19 * 10,195,190,0
7 * 6,35,42,0
15 % 2,0,1,0
10 + 5,15,15,1
83 + 17,100,100,1
53 * 4,210,212,0
12 * 8,80,96,0
5 % 2,1,1,1
77 + 22,99,99,1
95 - 10,85,85,1
6 * 11,80,66,0
45 % 7,4,3,0
80 - 32,48,48,1
21 + 34,55,55,1
50 * 3,160,150,0
8 * 12,90,96,0
18 % 6,2,0,0
25 + 10,35,35,1
60 + 20,80,80,1
75 - 8,67,67,1
100 + 45,145,145,1
20 * 4,90,80,0
90 % 20,10,10,1
19 + 6,25,25,1
6 * 14,84,84,1
55 + 34,89,89,1
7 * 9,60,63,0
88 + 12,100,100,1
42 % 8,4,2,0
15 * 8,130,120,0
63 + 17,80,80,1
18 + 32,50,50,1
20 * 5,95,100,0
37 * 9,333,333,1
29 % 12,2,5,0
24 + 36,60,60,1
35 * 7,249,245,0
75 % 13,2,10,0
41 - 19,22,22,1
95 - 25,70,70,1
13 + 7,20,20,1
62 + 30,92,92,1
14 * 9,128,126,0
52 + 23,75,75,1
67 + 12,79,79,1
81 % 9,0,0,1
49 % 8,5,1,0
26 + 49,75,75,1
21 + 14,35,35,1
55 * 4,240,220,0
16 * 8,130,128,0
33 % 5,3,3,1
38 + 47,85,85,1
95 - 50,45,45,1
31 * 8,250,248,0
44 * 6,270,264,0
72 % 14,2,2,1
19 + 8,27,27,1
67 + 18,85,85,1
43 % 6,2,1,0
84 - 24,60,60,1
33 + 29,62,62,1
25 % 7,3,4,0
5 * 13,75,65,0
24 * 7,168,168,1
19 * 19,361,361,1
21 % 5,1,1,1
30 + 45,75,75,1
88 - 14,74,74,1
29 + 38,67,67,1
90 % 25,15,15,1
56 % 9,5,2,0
15 + 25,40,40,1
65 - 25,40,40,1
34 + 56,90,90,1
87 - 23,64,64,1
19 * 5,95,95,1
49 % 6,5,1,0
67 + 12,79,79,1
100 - 28,72,72,1
88 * 2,176,176,1
75 % 14,3,5,0
45 + 29,74,74,1
56 - 19,37,37,1
23 * 12,276,276,1
98 % 23,2,6,0
54 + 16,70,70,1
80 - 45,35,35,1
30 * 7,210,210,1
102 % 20,5,2,0
63 + 27,90,90,1
71 - 8,63,63,1
41 * 4,164,164,1
58 % 9,4,5,0
32 + 58,90,90,1
72 - 18,54,54,1
91 * 6,546,546,1
87 % 8,5,3,0
43 + 37,80,80,1
55 - 19,36,36,1
66 * 3,198,198,1
99 % 19,1,4,0
74 + 26,100,100,1
39 - 9,30,30,1
22 * 5,110,110,1
64 % 13,6,12,0
84 + 7,91,91,1
93 - 36,57,57,1
25 * 8,200,200,1
103 % 9,4,5,0
48 + 53,101,101,1
76 - 21,55,55,1
19 * 11,209,209,1
92 % 17,6,7,0
45 + 64,109,109,1
87 - 12,75,75,1
14 * 13,182,182,1
73 % 8,4,5,0
36 + 44,80,80,1
58 - 22,36,36,1
39 * 6,234,234,1
102 % 12,4,6,0
69 + 30,99,99,1
80 - 28,52,52,1
55 * 9,495,495,1
89 % 18,7,11,0
48 + 12,60,60,1
83 - 14,69,69,1
21 * 7,147,147,1
47 % 6,5,5,0
92 + 9,101,101,1
56 - 19,37,37,1
12 * 13,156,156,1
103 % 11,4,4,1
33 + 48,81,81,1
70 - 32,38,38,1
29 * 6,174,174,1
97 % 25,1,22,0
85 + 8,93,93,1
72 - 12,60,60,1
44 * 5,220,220,1
120 % 19,5,6,0
19 + 21,40,40,1
65 - 23,42,42,1
25 * 9,225,225,1
101 % 7,4,3,0
49 + 51,100,100,1
77 - 31,46,46,1
34 * 8,272,272,1
78 % 15,3,3,1
45 + 55,100,100,1
60 - 45,15,15,1
37 * 6,222,222,1
96 % 22,3,10,0
19 + 31,50,50,1
82 - 43,39,39,1
46 * 5,230,230,1
111 % 20,9,11,0
33 + 49,82,82,1
61 - 27,34,34,1
55 * 8,440,440,1
120 % 28,4,8,0
74 + 26,100,100,1
29 - 14,15,15,1
38 * 7,266,266,1
104 % 19,6,9,0
92 + 8,100,100,1
81 - 42,39,39,1
20 * 9,180,180,1
111 % 13,8,7,0
43 + 57,100,100,1
67 - 21,46,46,1
53 * 3,159,159,1
96 % 19,7,1,0
50 + 22,72,72,1
45 * 9,400,405,0
27 * 6,162,162,1
90 % 8,3,2,0
87 + 13,100,100,1
59 - 29,30,30,1
21 * 3,63,63,1
95 % 17,4,10,0
38 + 46,84,84,1
100 - 27,73,73,1
72 * 12,864,864,1
104 % 9,6,5,0
41 + 35,76,76,1
66 - 18,48,48,1
53 * 5,265,265,1
80 % 12,8,8,1
39 + 57,96,96,1
78 - 14,64,64,1
12 * 13,156,156,1
95 % 21,6,11,0
45 + 33,78,78,1
82 - 15,67,67,1
63 * 4,252,252,1
103 % 23,7,11,0
29 + 44,73,73,1
91 - 22,69,69,1
14 * 9,126,126,1
112 % 16,10,0,0
54 + 28,82,82,1
65 - 13,52,52,1
21 * 7,147,147,1
96 % 13,4,5,0
73 + 19,92,92,1
86 - 47,39,39,1
22 * 12,264,264,1
79 % 14,3,9,0
58 + 37,95,95,1
102 - 33,69,69,1
15 * 10,150,150,1
110 % 21,5,7,0
84 + 16,100,100,1
95 - 46,49,49,1
33 * 9,297,297,1
87 % 12,4,3,0
26 + 59,85,85,1
74 - 19,55,55,1
25 * 11,275,275,1
98 % 23,5,6,0
41 + 32,73,73,1
83 - 21,62,62,1
55 * 7,385,385,1
120 % 17,4,2,0
36 + 46,82,82,1
94 - 33,61,61,1
29 * 8,232,232,1
111 % 25,4,11,0
68 + 27,95,95,1
102 - 37,65,65,1
47 * 4,188,188,1
99 % 16,8,3,0
61 + 39,100,100,1
90 - 12,78,78,1
48 * 5,240,240,1
105 % 18,5,15,0
56 + 43,99,99,1
112 - 50,62,62,1
18 * 13,234,234,1
84 % 19,5,8,0
77 + 23,100,100,1
66 - 28,38,38,1
22 * 15,330,330,1
101 % 17,3,16,0
50 + 45,95,95,1
71 - 19,52,52,1
42 * 6,252,252,1
119 % 21,4,14,0
88 + 11,99,99,1
96 - 44,52,52,1
33 * 8,264,264,1
113 % 24,9,17,0
59 + 41,100,100,1
70 - 12,58,58,1
36 * 9,324,324,1
102 % 31,6,9,0
62 + 39,101,101,1
109 - 44,65,65,1
11 * 15,165,165,1
89 % 14,2,5,0
84 + 16,100,100,1
77 - 49,28,28,1
18 * 7,126,126,1
125 % 16,5,13,0
56 + 34,90,90,1
91 - 43,48,48,1
14 * 12,168,168,1
100 % 27,5,19,0
31 + 55,86,86,1
80 - 33,47,47,1
52 * 5,260,260,1
98 % 19,2,4,0
69 + 31,100,100,1
76 - 24,52,52,1
37 * 9,333,333,1
115 % 21,9,10,0
28 + 47,75,75,1
90 - 36,54,54,1
19 * 8,155,152,0
72 % 9,0,0,1
84 + 13,97,97,1
59 - 31,28,28,1
17 * 12,200,204,0
81 % 10,2,1,0
42 + 35,77,77,1
99 - 29,70,70,1
15 * 9,135,135,1
66 % 14,2,10,0
34 + 45,79,79,1
82 - 47,35,35,1
56 * 4,220,224,0
105 % 13,6,9,0
25 + 48,73,73,1
94 - 26,68,68,1
22 * 8,176,176,1
73 % 12,4,1,0
58 + 16,74,74,1
100 - 49,51,51,1
27 * 5,135,135,1
95 % 16,3,15,0
35 + 38,73,73,1
91 - 33,58,58,1
36 * 12,432,432,1
121 % 14,9,9,1
62 + 37,99,99,1
89 - 44,45,45,1
41 * 6,246,246,1
111 % 22,3,5,0
76 + 15,91,91,1
103 - 48,55,55,1
23 * 7,161,161,1
102 % 11,3,3,1
87 + 9,96,96,1
60 - 34,26,26,1
39 * 9,351,351,1
123 % 15,8,3,0
55 + 42,97,97,1
88 - 29,59,59,1
33 * 8,264,264,1
109 % 18,7,1,0
52 + 33,85,85,1
79 - 32,47,47,1
27 * 12,324,324,1
115 % 23,5,20,0
60 + 26,86,86,1
104 - 56,48,48,1
19 * 14,256,266,0
82 % 19,3,6,0
43 + 44,87,87,1
87 - 28,59,59,1
17 * 13,221,221,1
101 % 19,4,6,0
45 + 51,96,96,1
69 - 30,39,39,1
23 * 8,184,184,1
110 % 27,3,2,0
66 + 24,90,90,1
55 - 38,17,17,1
18 * 15,270,270,1
125 % 28,7,13,0
40 + 37,77,77,1
95 - 41,54,54,1
14 * 12,168,168,1
100 % 19,5,12,0
51 + 49,100,100,1
82 - 47,35,35,1
12 * 14,168,168,1
90 % 23,4,21,0
61 + 38,99,99,1
45 - 23,22,22,1
33 * 9,297,297,1
99 % 22,5,11,0
24 + 66,90,90,1
87 - 47,40,40,1
15 * 6,90,90,1
124 % 21,9,1,0
38 + 41,79,79,1
83 - 33,50,50,1
34 * 6,204,204,1
113 % 28,7,1,0
59 + 35,94,94,1
75 - 32,43,43,1
23 * 6,138,138,1
118 % 31,8,4,0
64 + 27,91,91,1
110 - 58,52,52,1
29 * 5,145,145,1
105 % 32,7,9,0
52 + 36,88,88,1
97 - 61,36,36,1
42 * 4,168,168,1
116 % 15,5,11,0
48 + 33,81,81,1
85 - 47,38,38,1
21 * 8,168,168,1
109 % 22,7,3,0
56 + 29,85,85,1
68 - 39,29,29,1
22 * 7,154,154,1
123 % 32,8,9,0
74 + 17,91,91,1
95 - 42,53,53,1
12 * 13,156,156,1
104 % 27,6,23,0
45 + 21,66,66,1
87 - 36,51,51,1
19 * 6,114,114,1
72 % 11,3,6,0
33 + 47,80,80,1
58 - 29,29,29,1
22 * 8,176,172,0
84 % 7,0,0,1
50 + 32,82,82,1
102 - 48,54,54,1
14 * 5,70,70,1
93 % 15,5,3,0
38 + 45,83,83,1
96 - 17,79,79,1
23 * 12,276,276,1
88 % 16,7,8,0
47 + 18,65,65,1
109 - 29,80,80,1
37 * 9,333,333,1
81 % 9,4,0,0
64 + 29,93,93,1
72 - 45,27,27,1
28 * 11,308,308,1
95 % 11,5,9,0
53 + 47,100,100,1
103 - 46,57,57,1
42 * 5,210,210,1
112 % 19,6,14,0
55 + 32,87,87,1
85 - 29,56,56,1
22 * 9,198,198,1
98 % 23,6,6,1
49 + 36,85,85,1
93 - 44,49,49,1
11 * 13,143,143,1
120 % 27,9,12,0
41 + 54,95,95,1
78 - 23,55,55,1
19 * 7,133,133,1
66 % 8,3,2,0
30 + 38,68,68,1
104 - 65,39,39,1
24 * 12,288,288,1
95 % 12,5,11,0
50 + 31,81,81,1
91 - 38,53,53,1
18 * 14,252,252,1
77 % 8,5,5,0
61 + 39,100,100,1
96 - 33,63,63,1
25 * 9,225,225,1
107 % 28,7,23,0
43 + 49,92,92,1
81 - 35,46,46,1
17 * 6,102,102,1
110 % 23,3,18,0
45 + 18,63,63,1
99 - 56,43,43,1
38 * 8,304,304,1
88 % 21,5,4,0
59 + 29,88,88,1
87 - 36,51,51,1
22 * 7,154,154,1
100 % 14,6,2,0
35 + 21,56,56,1
91 - 22,69,69,1
13 * 5,65,65,1
108 % 19,7,5,0
46 + 37,83,83,1
77 - 39,38,38,1
19 * 9,171,171,1
92 % 13,3,5,0
50 + 43,93,93,1
99 - 55,44,44,1
16 * 7,112,112,1
111 % 22,4,3,0
62 + 26,88,88,1
78 - 47,31,31,1
28 * 5,140,140,1
102 % 9,4,2,0
41 + 38,79,79,1
86 - 35,51,51,1
15 * 8,120,120,1
90 % 23,2,6,0
55 + 33,88,88,1
101 - 37,64,64,1
14 * 9,126,126,1
123 % 29,6,7,0
37 + 19,56,56,1
72 - 42,30,30,1
17 * 10,170,170,1
98 % 17,8,11,0
40 + 45,85,85,1
109 - 47,62,62,1
19 * 12,228,228,1
91 % 9,4,1,0
53 + 21,74,74,1
66 - 29,37,37,1
23 * 11,253,253,1
120 % 16,7,8,0
46 + 35,81,81,1
84 - 28,56,56,1
15 * 9,135,135,1
101 % 27,3,23,0
48 + 44,92,92,1
77 - 29,48,48,1
18 * 11,198,198,1
92 % 25,4,17,0
66 + 23,89,89,1
93 - 39,54,54,1
11 * 14,154,154,1
119 % 18,5,5,1
31 + 50,81,81,1
110 - 56,54,54,1
21 * 8,168,168,1
105 % 22,5,17,0
55 + 25,80,80,1
97 - 44,53,53,1
13 * 15,195,195,1
89 % 16,5,9,0
42 + 41,83,83,1
109 - 62,47,47,1
22 * 12,264,264,1
115 % 29,4,10,0
33 + 55,88,88,1
86 - 37,49,49,1
29 * 8,232,232,1
105 % 19,7,9,0
40 + 42,82,82,1
93 - 31,62,62,1
18 * 13,234,234,1
124 % 23,7,5,0
46 + 28,74,74,1
85 - 44,41,41,1
21 * 9,189,189,1
99 % 17,6,8,0
64 + 29,93,93,1
81 - 47,34,34,1
17 * 12,204,204,1
92 % 16,6,4,0
53 + 22,75,75,1
101 - 62,39,39,1
29 * 11,319,319,1
112 % 18,5,8,0
35 + 51,86,86,1
97 - 48,49,49,1
21 * 5,105,105,1
104 % 13,6,9,0
40 + 59,99,99,1
100 - 45,55,55,1
16 * 9,144,144,1
123 % 14,8,11,0
41 + 38,79,79,1
92 - 34,58,58,1
19 * 10,190,190,1
115 % 23,4,20,0
39 + 53,92,92,1
78 - 21,57,57,1
17 * 13,221,221,1
111 % 29,5,7,0
44 + 25,69,69,1
86 - 32,54,54,1
12 * 8,96,96,1
93 % 25,4,5,0
55 + 24,79,79,1
90 - 28,62,62,1
13 * 7,91,91,1
114 % 14,7,2,093 + 58,151,151,1
23 - 67,-44,-44,1
62 % 13,10,10,1
82 - 99,4,-17,0
24 + 71,95,95,1
29 % 30,29,29,1
13 + 15,28,28,1
68 - 80,-12,-12,1
68 % 82,68,68,1
100 - 17,83,83,1
21 - 54,-33,-33,1
7 + 6,13,13,1
6 - 3,3,3,1
